00000000000000000000000000000000000000000000000000000000000000000000000000000000000000000000000000000000000000000000000000000000000000000000000000000000000000000000000000000000000000000000000000000000
00000000000000000000000000000000000000000000000000000000000000000000000000000000000000000000000000000000000000000000000000000000000000000000000000000000000000000000000000000000000000000000000000000000
00000000000000000000000000000000000000000000000000000000000000000000000000000000000000000000000000000000000000000000000000000000000000000000000000000000000000011100000000000000000000001100000000000000
00000000000000000000000000000000000000000000000000000000000000000000000000000000000000000000000000001000000000000000000000000000000000000000000000000000000000000000000000000000111110000001100000000000
00000000000000001000000000000000000000000000000000000000000000000000001100000000000000000000000000001000000000000000000000000000000000000000000000000000000000000000000000000000000000000000000000000000
0000000000000000000000000000000000000000000000000000000000000000000000000000000000000000000000000000000000000000111110000000000000000000011111111000000000000000011000000000000000000000000000011000000
00000000000000000000000000000000000000000000000000000000000000000011100111000000000000000000000000000000000000000000000000000000000000000111111111100000000000000000000000000000000000000000000000000000
00000000000100011100000000000000000000000000000000000000000000000000000000000000000000000000000000000000000000000000000000000000000001111111111111110000000000000000000000000000000000000000000000000000
00000000000000000000000000000000000000000000000000000000000000000000000000000000000000000000000000000000000000000000000001111000000001111111111111111110000000000000000000011000111100000010000000000000
00000000000000000000000000000000000000000000000000000000000000000110011110000000000000000000000000000000000000000000000000000000111001111111111111111111100000000000000001110001111111001100000000000000
0000000000000000000000001111111100001111111111111001111111110000111001111111000111111111111111111100000000000000000000000000000001111111111111111111111111110000000001111110000111111001111101100110011
11111111111111111111111111111111111111111111111111111111111111111111111111111111111111111111111111110111111111111111111111111111111111111111111111111111111111111111111111111111111111111111111111111111